userId bundleId
0 4339
0 1610
0 3571
0 3507
1 3241
2 1839
3 3952
3 3519
3 3382
4 1499
5 3300
6 4000
7 1122
8 2577
9 1603
9 833
9 3197
10 2027
10 3196
10 1054
11 3565
12 4422
13 782
14 3196
15 3628
16 4465
17 359
18 3656
19 611
20 3241
21 2484
22 1127
23 3170
23 152
23 1575
23 3452
23 1692
24 2305
25 1540
26 3075
27 3522
28 27
29 4459
30 3401
30 893
31 393
31 534
31 3669
31 2131
31 3324
31 3401
31 3739
31 330
32 4562
33 3450
34 1540
34 2853
34 4744
34 189
34 3109
35 3546
35 3967
35 2358
35 2159
35 1110
35 893
36 808
37 2740
38 493
39 1835
39 1355
40 1073
41 3562
41 2410
41 1127
41 2411
42 1646
43 3012
44 4423
45 3401
45 2187
46 2577
47 3075
48 3241
49 4422
49 3116
49 2956
49 2136
49 2521
50 2816
51 3197
52 894
53 821
54 4401
55 2860
56 2920
56 4548
57 1428
57 2148
58 2105
59 1799
60 4000
61 2385
62 1116
63 1858
63 535
64 4212
65 2358
66 4122
66 3135
67 2848
68 456
69 3422
70 4466
71 863
71 1889
72 4744
73 3241
73 893
74 4562
75 3399
76 402
77 2730
77 1348
77 3135
77 985
78 4158
79 3999
80 1203
81 4059
82 3753
83 1390
84 2890
84 4081
84 3153
84 4523
84 92
84 4426
85 2632
85 67
85 1596
86 4000
86 1825
86 1104
86 3999
86 4670
87 591
87 2037
87 3433
87 1883
87 1644
87 2577
87 3285
87 2517
87 2922
87 4572
88 2577
89 3241
90 4659
90 1218
90 4422
90 4345
90 618
90 2808
91 2273
92 4422
93 4190
94 3947
94 3008
94 246
94 3818
95 4308
96 3241
97 2092
98 1624
99 989
100 2639
101 3197
102 1139
103 3431
104 337
105 3197
106 893
107 3241
108 1860
108 613
109 3507
110 893
111 183
112 930
112 3615
112 653
112 436
113 2740
114 1893
114 2690
114 4028
114 4423
114 3197
114 436
114 1309
114 2763
114 754
115 1236
115 3385
116 3119
117 77
118 2542
118 2883
118 760
119 3436
119 590
119 908
119 3024
119 4339
119 3293
119 3578
119 475
119 2881
120 399
121 2973
122 2846
123 1761
123 3523
124 3669
125 1578
126 997
127 1236
128 358
129 1371
130 2039
131 2730
132 3743
132 295
133 1203
134 1373
135 2851
135 3866
135 1087
135 4217
135 77
135 3392
135 3411
135 3093
135 3401
135 1986
136 865
137 2421
137 1264
138 3521
138 931
138 3567
138 4213
138 16
138 1203
138 378
138 1476
138 2748
139 2578
140 1436
141 1835
142 3972
143 2382
144 3452
145 2540
145 4689
145 3233
146 1073
147 1540
148 457
149 2333
150 4562
150 765
151 4179
151 2135
151 1763
152 1759
152 2740
152 803
152 118
153 2005
154 4423
154 3459
154 3378
155 1945
156 2590
157 4459
158 3329
159 3921
160 3221
160 3175
160 714
160 3196
161 3866
161 4576
162 3329
163 1285
164 375
165 3385
166 2577
166 1610
167 2159
168 375
169 4401
170 2131
171 4467
172 4659
173 1196
174 3972
175 670
175 3657
176 4603
177 4079
178 3967
178 2920
178 1954
179 2681
180 3401
180 1691
181 3534
182 268
183 4670
183 1314
184 1369
184 1578
184 3385
184 1596
184 855
184 3267
185 2577
186 1012
187 3571
187 4449
188 208
189 1879
190 2520
190 3385
191 2430
192 4212
192 1610
192 1169
192 4250
192 3856
193 4449
194 1373
195 950
196 2881
197 941
198 1540
199 4273
200 318
200 2408
200 1831
200 4761
201 475
202 2920
202 4122
203 1759
204 378
205 3241
206 223
207 1348
207 2542
207 1902
208 2906
209 1950
210 816
211 816
212 3285
212 357
212 4483
213 3714
213 3669
213 3866
213 2131
213 2507
213 4009
214 2740
215 893
216 1540
217 2956
218 3871
219 3153
220 816
221 2840
221 4523
222 2986
223 273
223 414
223 3009
223 3197
223 3164
223 4548
223 3841
223 1603
223 816
223 1139
224 714
225 1373
226 27
227 3135
228 2362
229 616
230 4548
230 1619
231 730
232 2163
233 3291
234 402
235 3399
236 1759
236 223
237 3300
237 1166
237 1645
237 4768
237 3267
237 1798
238 3274
238 67
238 1763
238 956
238 187
239 1048
239 718
239 3385
240 421
240 2105
241 3192
241 436
241 3196
241 223
241 2697
242 4235
243 2188
244 3401
245 4548
246 206
246 1783
246 1822
246 4509
246 1041
246 475
246 4228
246 4271
247 74
247 343
247 1999
247 247
248 3567
249 4465
250 3940
251 3197
252 2659
253 1105
254 1803
255 760
255 2319
255 2763
255 842
255 1099
255 2484
255 1960
255 2918
255 1254
255 2748
256 4366
257 2553
258 77
259 3490
260 3275
260 1548
261 3999
262 2305
263 2273
264 1135
265 3385
266 1139
267 1252
268 4401
269 3197
269 4402
269 3422
270 2362
270 2954
270 1540
270 4112
270 284
270 2299
270 4615
271 4422
272 3011
272 4423
272 3378
272 74
272 930
272 24
273 3901
274 3999
274 1945
274 1224
274 1566
274 4380
274 2219
275 2612
275 2219
275 3615
275 2305
275 1857
275 1891
275 649
275 2358
275 2697
275 362
276 2981
276 2092
276 1392
277 997
278 1300
278 2750
278 2331
278 1799
278 250
279 2092
280 436
280 358
280 671
280 284
280 1835
280 3507
280 1110
280 3534
280 3522
280 1236
281 4627
282 1884
283 4748
284 295
285 4467
286 3348
287 947
287 24
287 1499
287 1945
287 3811
287 1502
288 375
289 1624
289 1610
289 421
290 132
291 3399
292 1686
293 2092
294 3274
294 158
294 3366
294 2131
294 3489
294 3267
295 2025
296 2540
297 3011
298 1952
298 1253
298 583
298 4418
299 3267
300 3972
301 375
302 78
302 2987
302 3787
303 4548
304 3023
305 4449
306 1954
306 3615
306 247
307 2577
308 1096
308 2149
309 1948
310 1030
310 4159
310 2881
310 3368
310 528
310 2128
310 752
310 1699
310 997
310 522
311 3197
312 1540
313 493
314 208
315 1676
316 247
317 3253
317 2060
318 3075
318 328
319 1505
319 997
319 3401
320 1390
321 4423
322 3669
323 1540
324 3667
325 375
325 1902
326 3972
326 132
327 1763
327 2079
328 2092
329 1835
330 1108
330 3658
330 1165
330 2314
330 546
330 3538
330 399
330 782
331 2542
332 4548
332 4744
333 1540
334 3967
335 3866
335 350
335 1699
335 3291
335 269
336 396
337 375
338 2094
339 4103
340 539
340 2598
340 2459
340 3671
340 4029
341 247
342 1238
342 1105
342 3241
342 1835
343 291
343 1540
344 3060
345 1285
346 1902
347 3866
347 3516
347 857
347 3972
348 4485
349 1578
350 2305
351 4548
352 1540
353 2921
354 801
355 2542
356 1073
356 4216
356 359
356 1253
357 782
358 1711
359 4562
360 2476
361 421
362 2646
362 4670
363 1578
364 4001
365 3196
366 1077
366 4523
366 4401
366 1954
367 2305
368 419
369 3053
369 765
370 838
371 311
371 1210
371 3948
371 2655
372 3615
373 838
374 3613
375 3274
375 3865
375 540
376 79
377 1218
378 2651
379 1348
380 1373
380 475
381 2393
382 2142
383 522
384 3972
384 1897
385 157
385 2763
385 3569
385 3109
385 1499
385 3373
385 3559
385 1635
385 893
385 3467
386 893
387 2206
388 2372
389 3859
390 2362
391 1879
392 3972
392 3464
392 3740
392 605
393 893
393 2092
394 931
395 2660
395 522
396 4751
397 2239
398 1572
399 4122
400 378
400 375
400 4303
401 4553
402 2740
402 3197
402 930
403 3197
404 2166
405 2959
406 4159
407 2993
408 4727
408 265
408 3254
408 1738
408 519
408 3522
409 1711
410 1945
410 3197
410 3211
410 1594
410 2578
411 1196
412 4467
413 9
414 375
415 1474
415 3567
416 1954
417 4670
418 3218
418 3714
418 4422
418 459
418 546
419 4670
420 3912
421 3574
421 4553
421 631
421 2674
421 2433
422 3395
423 1954
424 1129
424 4401
424 375
425 2740
426 2987
427 3546
428 1502
429 1196
429 161
430 5
431 4756
431 4420
432 4273
432 2846
433 1835
434 2105
435 3871
435 256
435 1105
435 4339
436 4422
437 2092
438 436
439 2967
440 2151
441 3197
441 3569
441 2178
442 2058
442 3565
442 1216
442 1702
442 2965
442 2946
442 3220
442 2799
442 2153
442 4640
443 1126
444 1122
445 1610
446 2150
447 2525
448 3241
449 1096
449 3522
449 3401
449 3241
449 4072
449 997
449 2705
449 169
449 4380
449 4100
450 487
451 1999
452 1348
452 1007
453 3489
453 3401
453 3628
454 4395
455 1578
455 4122
456 997
457 3566
457 25
457 501
457 2763
457 4089
458 3921
458 838
458 3160
458 3268
458 4306
458 2386
458 4406
459 2092
460 1745
461 92
462 1118
463 3534
464 360
464 1218
464 4054
465 996
465 1983
465 2378
466 842
466 3522
466 2139
466 512
466 342
467 2748
467 3930
468 4504
468 1759
469 3154
470 1540
471 3866
472 2577
473 3191
474 1999
475 1366
476 1540
477 893
478 2202
478 1373
478 4562
478 3613
478 3791
478 1441
478 2639
478 4467
479 1203
480 2804
481 421
482 4545
483 2517
484 3952
485 2173
485 3534
486 4529
487 173
487 4266
487 3122
487 1196
488 2362
489 4333
490 4395
491 4491
492 981
493 358
494 1578
494 1116
494 247
494 2807
494 4744
495 3544
496 1436
496 1553
496 4339
496 1578
496 3241
497 248
498 1203
498 46
499 535
500 2875
500 2390
500 1628
500 2712
500 419
500 1560
500 4675
500 4553
500 3144
500 3450
501 4467
502 1348
503 4122
504 283
504 2560
504 2975
505 535
506 1006
507 4401
508 4402
509 3291
510 3952
510 1122
511 949
512 3822
512 1366
513 1118
514 1540
514 1610
515 161
515 3664
516 911
517 3241
518 3656
519 3638
520 1499
521 1139
522 4401
523 900
523 2612
523 1763
523 1542
523 4606
523 378
524 4251
525 4562
525 350
525 160
525 1945
525 1600
526 4380
527 3160
528 2122
529 3183
529 2966
529 2707
529 1998
529 4541
529 4401
529 3023
529 223
530 3450
530 1834
530 3837
531 4162
531 3192
532 3866
533 893
534 4422
535 2763
536 2922
536 3197
536 3105
536 1954
536 3940
536 1619
536 3669
536 2612
536 1865
536 4158
537 436
538 1886
539 1374
540 3233
541 3343
541 1889
541 2777
541 1355
541 1122
541 1800
541 4316
541 2467
541 4367
541 1492
542 981
543 3843
543 645
543 4422
544 475
545 3740
546 3713
547 4422
548 1122
548 1578
548 522
548 2956
549 3827
550 1203
551 3866
552 4665
553 4423
554 2393
555 4553
555 2748
555 2771
556 1835
557 1476
558 1733
558 714
558 358
559 4401
560 2092
561 1238
562 2910
563 3291
564 2025
565 2092
565 1013
565 893
566 821
566 1139
566 2577
566 2092
566 4250
566 4266
567 3192
568 341
569 2844
570 3866
571 616
572 2219
573 1348
574 1196
575 1373
576 649
576 3044
576 821
577 1540
577 208
578 2536
579 1476
580 350
580 3638
580 436
580 4401
580 1505
580 1600
580 2920
581 4086
581 282
581 811
581 2296
581 2362
581 2706
581 700
581 546
581 2605
581 931
582 2151
582 3197
583 2730
584 1203
585 2362
585 1831
585 3866
585 1221
585 4303
585 651
585 3328
585 4072
585 2639
585 375
586 2578
586 3153
586 1071
586 1077
587 2382
588 2661
589 1325
590 4422
591 4422
592 1610
593 4562
594 4422
595 765
596 4148
596 2173
596 436
596 1954
597 4401
598 2020
598 1377
598 1071
598 3009
598 1945
598 2342
598 4578
599 4401
600 1801
600 3246
601 4500
602 4422
603 59
603 3197
604 1960
605 47
605 3713
605 4693
605 3373
606 3279
607 3930
608 4661
609 1902
610 2697
611 4548
612 3866
613 2219
614 417
615 1524
616 3927
616 2098
616 1113
616 1125
616 2151
616 177
617 4486
618 1238
618 683
619 27
619 222
620 1954
621 2922
622 1122
623 204
623 816
623 1238
624 2697
624 3507
624 3241
624 1954
625 1578
625 1348
626 208
626 2092
626 1702
626 3452
627 3197
628 893
629 4744
630 402
631 2033
632 2197
633 417
634 8
635 2173
635 1954
635 3164
635 3615
635 3534
636 4302
637 658
637 4659
638 4401
639 3467
639 1466
639 350
639 2358
639 3196
639 2403
639 2051
639 429
639 3667
639 4315
640 912
641 375
641 3673
642 2577
642 4059
642 1917
642 847
642 2922
642 2392
642 932
643 2577
644 1135
645 2704
646 3434
646 3452
647 1610
648 3629
649 1271
650 535
651 1835
652 3196
653 4423
654 456
655 247
656 475
657 930
658 397
659 816
660 2748
660 4213
661 3693
661 45
662 419
662 825
662 847
663 1122
664 1179
665 3638
665 3153
666 375
667 3291
668 1610
669 838
670 1857
671 3309
672 661
672 3011
673 4000
674 4670
675 4331
676 2358
677 3818
678 3755
679 4324
680 160
681 3291
681 132
682 24
682 1619
683 1886
684 3457
685 3559
685 3841
685 3373
686 790
687 714
688 4157
689 2920
690 291
691 118
691 4072
691 3535
691 3175
691 1669
691 1603
692 2612
693 4467
694 4231
694 2342
694 1455
694 4423
694 3843
694 239
694 2067
694 2881
694 3871
694 1511
695 1507
696 3772
696 3944
696 3544
696 3196
696 4102
696 282
696 2542
696 375
697 1348
698 3291
699 4422
700 4422
701 3075
701 3639
701 4088
701 3853
702 1639
702 2185
702 3274
702 1892
702 2748
703 2365
704 1578
705 4552
706 2748
707 816
708 2000
708 196
708 3567
709 522
709 1540
710 2848
711 4751
712 3241
713 4135
713 4380
714 4447
714 3422
715 3565
716 2881
716 1825
716 3153
716 2039
717 853
717 4547
717 2577
718 3518
718 616
718 3197
718 2299
719 4324
719 4401
719 311
719 375
719 4233
719 4194
719 2866
719 3385
719 1652
719 3955
720 359
720 1446
720 2342
720 2079
720 1343
721 3291
721 4345
721 402
721 1945
721 456
721 452
721 1851
721 4460
721 3787
721 2023
722 4308
722 436
722 1131
722 2956
723 2875
724 295
725 4306
726 3197
727 3291
728 539
729 1761
729 1006
729 4029
729 4756
729 159
729 1214
729 1295
729 2333
729 4665
729 3921
730 4122
730 468
731 2612
731 661
732 3507
733 4584
734 4401
735 2340
736 1803
737 2148
738 4122
738 2364
739 1196
740 4591
741 1902
742 2092
743 3507
744 358
745 2655
746 788
746 4589
747 247
748 1661
749 1763
750 1126
750 2180
751 2553
751 3853
751 3547
751 4408
751 4670
751 539
751 1949
751 1835
752 708
752 776
752 4408
752 3315
752 2971
753 1072
753 1993
754 4104
755 3522
756 4639
757 3866
758 2876
759 2335
760 1624
761 1678
762 3291
763 1169
764 456
765 4122
766 1540
767 1289
768 2219
768 4541
769 1542
769 724
770 2921
771 1289
772 3241
773 2911
774 1122
774 3713
774 3285
775 1238
775 4744
776 2677
777 27
778 631
779 3014
780 2683
781 292
782 4465
782 274
782 2187
782 1071
783 1283
783 4560
784 535
785 4050
786 2947
786 3684
787 3534
788 4000
789 714
789 3196
789 1242
790 3450
791 1902
791 3753
792 1190
792 4000
792 295
792 282
793 1502
794 2074
795 4422
796 3520
797 3241
798 3999
799 546
800 2983
800 3752
801 893
802 4122
803 359
803 4727
804 1476
804 318
805 3197
806 48
807 77
808 3187
809 1594
810 1540
811 3866
812 4018
813 2577
814 526
815 1594
815 3197
816 2984
817 3190
818 4198
818 2436
818 3711
818 4021
818 3938
818 1307
818 3507
819 308
819 157
819 2369
819 1499
819 3092
819 3714
819 131
819 4670
819 1505
820 2382
821 1610
821 4113
822 4122
822 3972
823 24
824 4519
825 3401
826 3135
827 4021
827 4024
827 4072
827 2352
827 2921
828 45
829 2470
830 247
831 2330
831 2873
832 3450
833 2185
834 893
835 676
836 2973
837 878
838 1578
839 1811
840 2293
840 3669
841 419
842 475
842 838
842 2856
843 2023
844 3104
845 3534
846 2041
846 535
847 4422
848 4422
849 3787
849 3664
849 765
849 1798
850 535
850 3156
850 2382
851 3329
851 4548
851 1566
852 2740
853 139
854 2787
854 4389
854 170
854 1499
854 580
855 94
856 362
857 1476
858 3197
859 2881
859 4542
859 4511
859 4380
859 3546
859 4632
859 1610
859 1810
860 1139
861 2187
861 569
861 36
861 1969
861 4480
861 947
861 447
861 869
861 3241
862 2875
862 4668
862 1495
863 1954
864 765
865 223
866 2448
867 295
868 2474
869 3569
869 3267
869 151
869 8
869 2305
869 2219
869 1835
869 3628
869 4242
869 3197
870 4122
871 2866
871 16
871 2589
871 631
872 3241
872 3857
872 4523
873 1077
874 375
875 2920
875 1502
875 123
875 3246
876 2850
877 3567
878 2693
879 427
880 4727
881 350
882 4422
883 1076
884 1974
885 3889
886 4021
886 3787
886 3871
886 3329
886 3507
886 247
886 3241
886 821
886 4423
886 402
887 4669
888 1954
888 2364
888 4246
888 1967
888 4444
888 2153
888 3300
888 2051
888 4670
889 2656
890 2577
891 4444
892 2665
893 2248
894 1897
894 247
895 2577
896 1584
896 95
896 2996
896 1135
896 720
896 2079
896 24
897 3077
898 1835
899 4045
900 985
900 2577
900 3999
900 4367
901 1891
901 2299
902 1369
902 3471
903 2639
904 3450
905 1077
906 2351
907 3999
907 2092
908 3291
909 4553
909 3567
909 3291
909 1886
909 4744
909 2754
909 358
909 4664
909 3093
909 169
910 4306
910 3241
910 2051
910 4459
910 242
910 985
910 2770
911 431
912 1610
913 893
914 3489
915 3999
916 1578
917 1285
918 857
919 304
919 1505
919 4156
920 3667
920 1578
920 4187
920 1071
920 2440
921 2677
922 3957
923 4250
924 3972
924 4467
924 4422
925 2474
925 2573
925 1540
925 888
925 2484
926 161
927 816
928 2041
929 2051
929 2921
929 2536
929 622
930 1913
931 949
932 1466
932 3534
932 3653
932 4670
932 4755
932 3075
932 3864
932 931
932 1300
932 4212
933 157
933 4212
934 4542
935 1179
936 1540
937 4444
938 2484
938 2920
939 2173
939 362
940 1621
941 3972
942 4422
943 3135
944 1218
945 1067
946 1896
947 2039
948 4548
949 2092
949 1578
950 941
951 522
952 3944
953 4615
953 522
953 3411
953 730
953 997
954 4182
955 2987
956 4159
957 997
958 2577
959 3274
959 1553
959 223
960 1610
961 2092
962 4756
963 997
964 3241
964 1945
965 4208
966 1348
967 274
968 3521
968 4511
968 904
968 742
969 1644
969 3062
970 27
971 1139
971 4423
971 3152
971 821
972 2956
973 1441
973 2092
973 639
973 371
973 3999
974 1686
975 3735
976 4564
977 1561
977 4245
977 3140
977 3866
978 2577
978 1196
979 3401
979 1077
979 1945
979 4460
980 816
981 3089
982 1996
983 2944
984 1935
984 3034
985 898
986 1454
986 4306
987 1646
988 4690
989 1540
990 1556
991 3259
992 4422
993 4422
994 874
994 1506
994 760
995 3837
995 3668
996 1083
997 765
998 535
999 2117
1000 3567
1001 1578
1001 4422
1002 1122
1003 3196
1004 442
1005 4751
1006 3023
1007 237
1007 4401
1007 4622
1007 1540
1008 1566
1009 3452
1009 4605
1010 1763
1011 4744
1011 4122
1011 1540
1011 522
1011 3520
1011 3489
1011 3077
1011 906
1011 2335
1011 3740
1012 1410
1013 3197
1014 2618
1015 985
1016 2118
1016 1196
1017 838
1017 1139
1018 2101
1019 4122
1020 2268
1021 1122
1022 79
1022 2921
1023 4467
1024 4309
1025 1396
1026 1974
1027 1253
1027 2410
1027 1179
1028 3507
1029 893
1029 4423
1030 682
1030 2334
1030 1506
1031 3534
1032 371
1032 1588
1032 3562
1032 2305
1032 3197
1032 3669
1032 754
1033 4358
1034 1285
1035 1646
1036 1578
1037 1953
1038 631
1039 2105
1040 4401
1041 2740
1041 1803
1042 2002
1043 2092
1043 3197
1043 4417
1044 2542
1045 701
1046 3072
1047 1891
1048 3507
1049 2085
1050 3733
1051 1768
1052 3277
1053 3740
1054 3197
1054 1533
1054 734
1054 706
1054 1646
1055 1610
1056 3452
1057 2577
1058 1071
1059 782
1059 838
1059 3904
1059 3450
1059 2681
1059 1324
1059 3562
1059 1733
1059 3196
1059 2577
1060 1122
1060 1429
1060 3274
1061 2240
1062 3565
1063 4202
1064 4557
1065 3507
1066 4422
1067 3612
1068 350
1069 378
1070 3613
1071 2697
1072 1773
1073 4275
1074 330
1075 3967
1076 1105
1077 997
1078 3967
1079 3667
1079 522
1080 3795
1081 2655
1082 3300
1083 1096
1084 330
1085 3701
1085 1986
1085 3943
1085 122
1086 1540
1087 2278
1088 4401
1089 1283
1090 2730
1091 1616
1092 45
1093 3378
1093 947
1093 1891
1093 3489
1093 2881
1094 1540
1095 2959
1096 4401
1097 2763
1098 2588
1099 4562
1100 27
1101 774
1102 3628
1103 152
1104 247
1105 2166
1106 3329
1107 24
1108 1499
1109 735
1109 4703
1109 3465
1109 2752
1109 3736
1110 3999
1111 2362
1112 1122
1113 3293
1114 3787
1115 3401
1116 1954
1117 1236
1118 4208
1118 2279
1118 4122
1118 2921
1118 330
1118 1122
1118 4631
1119 1968
1119 161
1120 2313
1121 2752
1122 3642
1122 752
1122 4346
1122 3567
1123 4088
1124 258
1125 2980
1126 2240
1127 316
1128 2299
1129 3196
1130 2173
1131 2577
1132 4475
1132 402
1132 2573
1132 2921
1132 1013
1132 2094
1133 1122
1134 3196
1135 2092
1136 790
1137 1135
1138 522
1138 1968
1139 4422
1140 3534
1140 3615
1141 2612
1142 4468
1143 3267
1143 569
1144 2987
1145 4114
1146 714
1146 3963
1146 1348
1147 1835
1148 2499
1148 2117
1149 27
1150 4122
1151 4732
1152 3811
1153 3291
1154 1218
1155 2956
1155 2219
1156 3241
1157 1115
1157 3631
1158 2382
1159 4352
1160 893
1161 3154
1161 1307
1162 522
1163 1881
1164 3972
1164 1345
1165 247
1166 419
1167 2092
1168 4001
1168 2577
1168 1594
1169 3196
1170 1996
1171 2092
1172 1892
1173 3193
1174 4302
1174 78
1175 4543
1176 2213
1176 2866
1176 2697
1176 4422
1176 3488
1176 4603
1176 191
1176 4482
1177 4542
1178 3281
1179 4369
1180 3999
1181 1540
1182 1610
1183 874
1184 1891
1185 1283
1186 1578
1187 1067
1187 323
1188 1056
1189 3034
1190 225
1191 1799
1191 402
1192 1954
1192 4122
1193 1130
1194 2866
1195 1656
1196 1514
1197 2396
1198 1285
1199 1540
1200 3464
1200 2131
1201 417
1202 2740
1203 3464
1204 4485
1204 1308
1204 1947
1205 4545
1206 2382
1207 947
1207 2578
1207 4231
1207 3857
1207 4009
1208 3300
1209 2987
1210 3534
1211 4159
1212 77
1213 421
1214 3241
1215 2023
1216 350
1216 4511
1216 1170
1217 1540
1218 4000
1219 4553
1220 2770
1221 4366
1222 3450
1223 1476
1223 2111
1224 1122
1225 2092
1225 1745
1225 1476
1226 4422
1227 208
1228 4475
1229 1594
1230 2515
1231 1540
1232 3921
1233 137
1233 4600
1234 2711
1235 940
1235 1689
1236 3145
1237 2142
1238 3291
1239 1945
1240 3489
1241 2092
1242 2362
1243 2122
1244 604
1244 1701
1244 1069
1244 1636
1244 1951
1244 760
1245 3399
1246 3562
1247 893
1248 375
1249 3653
1250 3489
1250 1808
1250 4027
1251 1763
1252 2920
1252 3164
1252 3534
1252 3135
1252 2884
1252 2067
1252 676
1252 4511
1252 427
1252 765
1253 3660
1254 4757
1254 622
1254 3241
1255 3241
1256 972
1257 1578
1258 720
1259 2278
1259 3291
1259 2667
1260 2424
1261 3714
1261 3999
1262 3507
1263 3154
1264 2577
1265 4380
1266 725
1267 844
1267 1135
1268 1196
1269 3507
1270 414
1271 4654
1271 3520
1272 1844
1273 1954
1274 4367
1275 2092
1276 4449
1277 475
1278 4401
1279 2681
1279 714
1279 3019
1280 1354
1281 2697
1282 4567
1283 1839
1284 1300
1285 3628
1285 930
1286 2595
1286 2092
1286 208
1286 2740
1286 1652
1286 3385
1286 337
1286 997
1286 4665
1286 378
1287 3972
1288 1324
1289 2777
1290 4086
1291 7
1292 2092
1293 1397
1293 4273
1293 2740
1293 3241
1294 1954
1295 1077
1295 3999
1295 2753
1295 3155
1295 3871
1296 4229
1297 1578
1298 1385
1299 3602
1299 4579
1299 2595
1299 874
1299 1179
1299 666
1300 4274
1301 178
1302 4086
1303 2039
1304 989
1305 372
1306 4422
1307 4548
1308 4367
1309 3197
1310 4072
1311 1540
1312 4050
1312 4000
1312 4751
1312 3498
1312 1287
1312 1285
1313 4339
1314 4298
1314 4229
1315 1077
1316 2148
1316 1505
1317 1598
1318 1540
1319 3291
1320 1499
1320 2311
1320 2393
1321 4422
1322 2710
1323 3534
1324 4306
1325 1555
1325 2445
1325 2987
1325 3291
1325 3384
1325 247
1325 867
1325 4519
1325 2986
1325 535
1326 2092
1327 1139
1328 2922
1329 3241
1330 1203
1331 3241
1332 4422
1333 1041
1334 1524
1335 951
1336 1130
1337 3106
1337 2578
1337 1454
1338 2364
1338 3109
1338 1759
1339 4553
1340 1218
1341 2965
1342 2382
1343 2577
1343 2761
1344 3011
1345 67
1346 3829
1346 2673
1346 4723
1347 1540
1348 4459
1349 429
1350 2851
1351 1012
1352 2267
1353 432
1354 281
1355 1773
1356 1196
1357 1945
1358 1502
1359 4402
1360 1505
1360 163
1361 2777
1361 1650
1362 4422
1363 3718
1364 2548
1365 4401
1366 4001
1367 3615
1368 4648
1369 1324
1370 893
1371 838
1372 842
1372 358
1373 782
1374 3197
1375 1348
1376 1540
1377 4000
1377 2284
1377 2956
1377 1610
1378 2067
1378 3895
1378 4401
1378 160
1379 2542
1380 3237
1380 2777
1381 2956
1382 1013
1382 169
1382 46
1383 3241
1384 765
1384 714
1384 3967
1384 947
1384 362
1384 2148
1385 1179
1386 4314
1387 985
1388 968
1388 2922
1389 3866
1390 2920
1391 2273
1391 1357
1391 4335
1391 2949
1391 3158
1391 3822
1391 1892
1391 1646
1392 1179
1393 1122
1394 326
1395 2362
1396 4548
1397 4036
1398 2382
1399 1521
1400 3164
1401 1540
1402 3399
1403 3972
1404 4303
1404 614
1404 2111
1405 4519
1406 2773
1406 3574
1406 3105
1407 1087
1407 4339
1408 3145
1409 3438
1410 3520
1411 845
1412 4022
1412 2484
1413 2382
1414 1455
1415 3735
1416 2299
1417 522
1418 2020
1419 1179
1420 2740
1421 1575
1422 1212
1422 4530
1422 3289
1422 2763
1422 989
1423 1324
1423 2573
1423 24
1424 838
1425 1077
1426 2039
1427 78
1428 208
1429 2987
1430 50
1431 3197
1432 1139
1432 4
1433 3192
1433 3669
1434 421
1435 4029
1435 1293
1435 4511
1435 2506
1435 2002
1435 1833
1435 3967
1435 3291
1436 3795
1437 3714
1438 3546
1439 2153
1440 4422
1441 1096
1442 2917
1443 765
1444 4394
1445 1596
1446 1428
1447 200
1447 20
1447 3567
1447 32
1447 2478
1447 3710
1447 3249
1447 4706
1447 1390
1448 4744
1449 1754
1450 3795
1451 4169
1452 3841
1453 1891
1453 3489
1453 2173
1453 1954
1454 2184
1455 3718
1456 617
1457 760
1458 1610
1459 628
1460 2131
1460 2239
1460 4496
1461 4237
1461 2148
1462 4744
1463 3567
1464 1879
1465 1945
1466 3462
1467 3709
1467 4422
1468 997
1469 3866
1470 1711
1471 4179
1472 2002
1473 251
1474 402
1475 2577
1476 3972
1477 1646
1478 304
1479 4009
1480 3927
1480 1805
1480 3447
1480 3246
1480 1822
1480 1139
1480 1490
1480 1835
1480 3196
1480 2342
1481 3373
1482 4756
1483 3667
1484 2267
1484 855
1484 557
1484 535
1485 1540
1486 4122
1487 1935
1488 2109
1489 1824
1490 2382
1491 4670
1491 2577
1491 1939
1491 2340
1492 3450
1493 1238
1493 1499
1494 2044
1495 3787
1496 2180
1497 328
1498 4068
1498 3401
1498 4562
1498 2402
1499 2044
1499 4700
1499 2163
1499 2352
1499 2219
1500 4011
1501 1763
1502 1540
1503 2092
1504 2677
1504 931
1505 2219
1506 1790
1507 647
1508 2577
1509 1945
1510 4751
1511 4333
1511 3147
1512 4401
1513 1726
1514 1392
1514 3589
1515 765
1516 4423
1517 3967
1518 4423
1519 1610
1520 623
1521 4511
1522 1355
1523 2219
1524 4122
1525 3498
1525 2922
1526 4589
1527 371
1528 4068
1528 4620
1528 3167
1529 375
1530 2242
1531 4449
1531 3450
1532 3411
1533 3175
1533 3498
1533 4756
1533 406
1533 404
1533 77
1533 3625
1533 4744
1533 3482
1534 1902
1535 4422
1536 666
1536 3138
1536 3245
1536 1324
1536 3866
1537 1588
1537 4122
1537 4670
1537 4423
1538 4168
1539 4122
1540 3197
1541 1763
1542 2748
1543 1466
1544 944
1545 4518
1546 893
1546 4548
1546 3233
1546 24
1547 3511
1548 3866
1549 3628
1549 2484
1549 563
1549 4401
1549 4004
1550 2250
1551 720
1552 632
1553 4467
1554 4068
1555 1285
1556 1218
1556 1601
1556 337
1556 4444
1556 421
1556 2763
1556 1954
1556 247
1557 330
1558 399
1559 330
1560 1118
1560 359
1560 3660
1561 3077
1561 3869
1561 1540
1561 3109
1561 1608
1561 3546
1562 4548
1563 4756
1564 997
1564 3197
1565 3197
1566 2187
1567 4345
1567 2577
1567 2881
1567 2681
1568 4122
1568 1077
1568 2292
1569 375
1570 4449
1570 4159
1571 1139
1572 1179
1573 3562
1573 2542
1573 542
1573 3102
1573 1300
1573 1072
1573 226
1573 1616
1573 3068
1573 1849
1574 3267
1575 4523
1576 3725
1577 944
1577 375
1577 4670
1578 730
1579 3714
1580 1348
1581 4751
1582 4548
1583 1013
1584 4122
1585 1610
1586 893
1586 1077
1586 3963
1586 359
1586 2219
1587 1958
1588 23
1588 539
1589 4467
1590 2748
1591 2577
1591 3241
1591 2305
1591 3478
1592 2881
1592 1122
1592 359
1592 4511
1592 3488
1592 1348
1592 239
1592 4542
1592 4420
1592 375
1593 1540
1594 3290
1595 362
1596 359
1597 3291
1598 2364
1599 337
1599 2954
1600 4373
1601 3066
1602 282
1603 864
1604 3241
1605 3810
1605 2577
1606 2656
1607 997
1608 4113
1609 1188
1610 3534
1611 1506
1612 3291
1613 2484
1614 4072
1615 1931
1616 1902
1616 3399
1616 2488
1616 4545
1617 1139
1618 4122
1619 2333
1620 375
1620 1139
1621 3656
1622 192
1623 3742
1624 4401
1625 378
1626 3096
1627 3399
1628 2697
1629 893
1630 2956
1631 3534
1632 1797
1633 3874
1633 2028
1634 3671
1635 2920
1636 1954
1637 3866
1638 2577
1639 3291
1640 3197
1641 1122
1642 3399
1643 3009
1644 3534
1645 4434
1646 3972
1647 2920
1647 1122
1647 1105
1647 239
1647 4562
1647 1744
1648 2573
1649 2577
1650 1763
1651 1169
1652 1610
1653 4001
1653 3521
1653 3367
1654 2577
1654 3160
1654 311
1655 777
1656 2142
1657 1309
1657 3197
1658 163
1658 1139
1659 2451
1660 3458
1661 1600
1662 740
1662 1313
1662 1952
1662 1500
1662 1702
1662 77
1662 123
1662 4744
1662 3700
1662 920
1663 2299
1664 4339
1665 3743
1666 1436
1666 3544
1666 2320
1666 2956
1666 4584
1667 2875
1668 4744
1669 2740
1670 4422
1671 24
1672 4560
1673 27
1674 2578
1674 4250
1675 2118
1676 1203
1677 4401
1678 4213
1679 139
1680 985
1681 1954
1682 4589
1683 893
1684 581
1685 18
1686 2758
1686 1993
1686 4652
1687 3364
1688 3811
1688 3507
1688 1540
1688 304
1688 863
1688 300
1689 322
1689 2382
1689 4665
1690 3972
1691 1610
1692 4001
1693 3077
1694 874
1694 3712
1694 898
1694 4346
1694 282
1695 4690
1696 1540
1697 3267
1698 375
1699 1348
1699 4001
1699 4467
1699 4570
1699 229
1700 3450
1701 2578
1702 213
1702 3911
1702 3718
1702 597
1703 1196
1704 4553
1704 419
1705 1542
1706 3534
1706 1095
1706 4066
1706 3195
1706 1171
1706 3791
1706 1824
1706 2219
1706 2730
1707 1196
1708 2479
1708 2577
1708 3488
1709 2041
1710 2020
1711 1833
1712 1169
1712 2319
1713 1759
1714 3871
1715 429
1716 4422
1716 628
1717 3649
1718 3434
1719 4346
1720 3233
1721 790
1722 4380
1723 1917
1723 4113
1724 1832
1724 27
1724 2105
1724 3254
1724 1721
1724 2540
1724 1773
1724 844
1724 3376
1725 2153
1726 2909
1726 535
1726 4690
1726 73
1726 2822
1726 2136
1726 2223
1727 821
1728 3154
1729 1578
1730 1107
1731 720
1732 2577
1732 74
1732 1077
1733 837
1734 539
1735 27
1735 782
1736 3023
1737 2898
1738 714
1739 3615
1739 1945
1739 2173
1740 3250
1741 169
1742 4271
1743 4632
1743 1077
1743 4380
1744 4380
1745 3967
1746 1105
1747 65
1748 3967
1748 4380
1748 2578
1748 36
1748 4511
1748 4542
1749 4670
1750 782
1751 3673
1751 1521
1751 378
1751 2497
1751 3329
1751 8
1751 1139
1751 3281
1751 3160
1751 3399
1752 2092
1753 2925
1754 3197
1755 3944
1755 4159
1755 535
1755 3638
1755 493
1755 3144
1755 2092
1755 1273
1755 2578
1756 1594
1757 3522
1758 3241
1759 493
1760 3507
1761 4558
1762 4306
1763 3507
1764 1077
1764 1426
1764 665
1764 240
1764 1953
1764 3601
1765 4659
1766 2612
1767 3972
1768 3241
1769 1566
1769 1825
1769 2173
1770 1540
1771 4562
1772 1902
1773 77
1774 4153
1775 2148
1775 1505
1776 2740
1776 4548
1777 816
1778 1122
1779 4000
1780 3682
1781 67
1782 4235
1783 3507
1784 4562
1784 1067
1784 318
1784 1039
1785 3972
1785 1610
1785 1711
1786 3422
1787 3453
1788 4346
1788 3464
1789 4674
1789 3740
1789 4080
1790 1575
1791 2796
1792 2143
1792 1029
1793 3656
1794 2044
1795 2055
1796 4001
1797 4478
1797 2333
1797 670
1798 535
1799 4631
1799 774
1799 4192
1800 2981
1801 1592
1801 4324
1801 2993
1802 1115
1803 4562
1803 893
1803 3967
1804 1960
1804 1968
1805 3196
1806 378
1807 1135
1808 2577
1808 4122
1808 3300
1809 4380
1810 4159
1811 4133
1812 2037
1813 707
1813 1968
1813 4667
1813 3607
1813 780
1813 595
1814 1930
1815 1436
1816 2273
1816 4589
1816 1063
1816 3955
1816 2956
1817 2695
1817 2892
1817 2920
1817 3328
1817 2559
1817 1373
1817 406
1818 4345
1819 2577
1820 24
1821 3972
1822 3237
1823 3196
1824 1073
1825 3450
1826 2577
1827 1856
1828 3399
1829 857
1830 1588
1831 3511
1832 893
1833 2920
1834 1855
1835 2305
1836 2577
1837 4751
1837 4154
1837 466
1837 1773
1838 2577
1839 1960
1840 945
1841 3463
1842 3241
1843 456
1843 3740
1844 1763
1845 782
1846 4313
1847 517
1848 985
1848 2358
1848 24
1849 3714
1850 2382
1851 4467
1852 4422
1853 1621
1854 3713
1855 4542
1856 1909
1857 2681
1858 4475
1858 78
1859 3126
1860 1540
1861 4422
1862 3886
1862 3871
1862 4300
1862 1196
1862 4369
1862 1414
1863 1566
1863 1540
1863 3241
1864 2382
1865 4422
1866 2749
1867 1122
1868 3450
1869 1130
1870 4579
1871 3329
1872 2816
1873 3837
1874 3567
1875 3713
1875 2107
1875 4659
1875 4171
1875 2687
1876 1954
1877 4665
1877 295
1878 4698
1878 4346
1878 3348
1878 2612
1878 1955
1878 2730
1878 1773
1878 2250
1879 985
1880 356
1881 1394
1882 3562
1883 3524
1883 3787
1883 2921
1883 247
1883 3667
1884 2577
1885 493
1886 2530
1887 1589
1888 1179
1889 118
1890 3448
1891 3233
1892 2092
1893 1616
1893 358
1894 18
1895 4401
1896 3478
1897 4009
1897 1179
1897 4148
1897 2219
1897 46
1897 3489
1897 4023
1897 2342
1897 3116
1897 2960
1898 4553
1898 3305
1898 3749
1899 27
1900 1774
1901 4504
1902 4054
1903 67
1904 2748
1905 3534
1906 417
1906 3613
1906 371
1907 2402
1907 3660
1907 2187
1907 1974
1908 2275
1908 2092
1908 4401
1909 3866
1910 2748
1911 1392
1912 745
1912 809
1912 2629
1912 3118
1912 3123
1912 3116
1912 968
1912 4110
1912 4309
1912 129
1913 3154
1914 2382
1914 4028
1914 1183
1914 4001
1914 2393
1914 1169
1914 3834
1914 383
1914 2894
1914 2583
1915 4491
1916 2921
1917 4122
1917 997
1917 3999
1917 2577
1917 2922
1917 3452
1917 2911
1917 3787
1917 4302
1917 3972
1918 4389
1918 2131
1918 2187
1918 3301
1918 3787
1918 3401
1918 4380
1918 3818
1918 4423
1918 541
1919 913
1920 3191
1921 3450
1922 1082
1923 3291
1924 683
1925 1601
1926 637
1927 378
1928 997
1929 2365
1930 378
1931 161
1932 4475
1933 2092
1934 3197
1935 1078
1936 2577
1937 3300
1937 4059
1938 893
1939 4548
1940 3077
1940 4744
1941 4548
1942 292
1943 4212
1943 456
1944 3569
1945 1892
1946 653
1946 4161
1946 4371
1946 1077
1946 1096
1946 1722
1946 1466
1946 100
1947 3897
1947 4465
1948 3241
1949 3164
1949 737
1949 1203
1949 2203
1949 3272
1949 3450
1949 282
1949 1610
1950 3507
1951 3569
1952 2748
1953 3507
1954 2921
1955 3714
1956 2148
1957 4422
1958 4054
1959 2105
1960 4072
1961 3569
1962 4043
1963 4744
1964 2612
1965 3024
1966 2358
1967 4375
1967 2754
1967 1879
1968 421
1969 765
1969 3329
1970 1872
1971 4768
1972 4054
1973 826
1974 4744
1975 1122
1976 57
1977 2668
1978 1122
1978 1540
1978 1844
1978 2829
1978 4467
1979 3058
1979 997
1980 2555
1981 2142
1982 1472
1983 3154
1984 3267
1985 1540
1986 2481
1987 3489
1988 760
1989 290
1990 4557
1990 2008
1990 895
1991 3197
1992 2023
1993 3197
1994 1139
1995 4545
1995 3921
1996 1203
1997 4615
1998 4309
1999 3373
2000 997
2001 2092
2002 3373
2003 3628
2004 1902
2005 637
2005 3450
2005 4620
2005 500
2005 117
2005 716
2005 3192
2006 4744
2007 3338
2008 3559
2009 3299
2010 4401
2011 1096
2012 653
2013 1835
2014 149
2014 765
2015 2137
2016 1394
2017 2981
2018 4212
2018 2969
2018 4072
2018 27
2019 1285
2020 77
2021 4422
2022 67
2023 3723
2024 4422
2025 2656
2026 2364
2027 4000
2027 3749
2027 997
2027 208
2027 4171
2028 3450
2029 2023
2030 248
2031 2017
2031 1578
2031 1902
2031 508
2032 2092
2033 2723
2034 2039
2034 1077
2034 3667
2034 1105
2034 3241
2035 2149
2035 1763
2036 2695
2037 1799
2037 782
2037 1972
2037 2333
2037 3450
2037 1110
2037 29
2037 909
2037 102
2038 755
2039 997
2040 1639
2040 3960
2040 1179
2040 2159
2040 3841
2040 68
2040 505
2041 1122
2042 3450
2043 4266
2044 1616
2044 3262
2045 27
2046 311
2047 893
2048 2495
2049 3385
2050 3718
2051 1717
2052 1366
2053 1915
2054 1288
2055 782
2055 4430
2055 878
2055 40
2056 3274
2056 3569
2056 1954
2057 24
2058 1309
2058 3562
2058 1007
2058 4345
2059 4422
2060 1540
2061 65
2062 4513
2063 3693
2063 3896
2064 3165
2064 4158
2064 4308
2064 3664
2064 4467
2064 4674
2065 4067
2066 816
2067 3291
2067 3534
2068 3653
2068 3094
2069 1835
2070 3305
2071 247
2072 3459
2072 350
2073 3646
2074 436
2075 4473
2076 3399
2076 2877
2077 4422
2078 894
2079 4035
2079 4665
2079 4141
2079 3338
2079 1207
2079 1855
2079 1711
2079 1072
2079 2528
2079 2873
2080 2069
2081 3901
2082 4000
2083 1601
2084 4467
2085 3376
2086 1365
2086 2543
2086 127
2087 1578
2088 2484
2089 889
2089 4000
2090 3863
2091 24
2092 3329
2092 4213
2092 1780
2092 2730
2092 15
2092 421
2093 1203
2094 1275
2095 893
2096 4423
2096 760
2096 3866
2096 4252
2096 989
2096 3464
2096 4519
2096 1588
2096 1170
2097 4467
2098 4021
2099 3192
2099 3912
2099 3620
2100 1763
2100 358
2101 1945
2101 3534
2101 765
2101 3520
2102 78
2103 1624
2104 941
2105 4751
2106 226
2106 1540
2107 375
2108 1540
2109 77
2110 4212
2111 4401
2112 275
2112 1692
2112 3399
2112 1029
2112 1578
2112 2209
2112 4213
2113 3499
2113 417
2114 2358
2114 78
2115 1224
2116 2309
2116 3820
2116 209
2116 241
2116 4599
2116 3687
2116 3267
2116 4588
2116 4308
2116 3352
2117 4009
2117 3241
2117 3866
2117 2079
2117 3274
2118 4422
2119 1610
2120 1179
2121 1309
2122 2577
2123 3952
2124 3197
2125 4024
2126 3546
2127 4086
2127 267
2128 2987
2128 2612
2128 24
2129 378
2130 3241
2131 2577
2132 4683
2133 1442
2134 2577
2135 3963
2136 3866
2137 2954
2138 3197
2139 188
2139 1346
2139 1499
2139 590
2139 3267
2140 4273
2141 2875
2142 2250
2143 1610
2143 3795
2144 1348
2145 24
2146 3186
2147 1835
2148 1752
2148 95
2149 1169
2150 2382
2151 667
2152 4542
2152 1105
2152 4584
2152 4744
2153 4205
2154 838
2155 2996
2156 3543
2156 3291
2157 67
2158 1365
2159 358
2160 24
2161 3267
2162 2092
2163 1139
2164 350
2164 2079
2165 1513
2166 24
2167 893
2168 1203
2169 754
2170 1835
2171 3367
2171 535
2171 1117
2171 229
2172 2908
2173 4401
2174 1610
2175 118
2176 2042
2176 4744
2177 4670
2178 3197
2179 1163
2180 1610
2181 1686
2182 3705
2182 3776
2182 757
2182 3604
2183 1505
2184 3972
2185 4467
2186 1958
2187 1610
2187 3660
2187 1025
2187 1725
2187 3241
2188 893
2189 745
2190 2577
2191 3871
2191 475
2192 3770
2192 3154
2192 71
2193 3507
2194 1540
2195 2777
2196 3197
2197 2558
2198 2574
2199 4306
2200 1122
2201 3459
2201 2358
2201 4125
2201 24
2201 2173
2201 3930
2201 3698
2201 3234
2201 2811
2202 4511
2203 3889
2204 350
2205 2875
2206 3534
2207 290
2207 2092
2207 893
2207 1096
2207 3867
2208 1122
2209 4422
2209 790
2210 3543
2210 3399
2210 1773
2210 837
2210 2967
2210 2996
2210 3336
2210 524
2210 1686
2211 3901
2212 2546
2213 2881
2214 3452
2215 3656
2215 350
2215 3106
2215 4562
2215 637
2215 1262
2215 2604
2215 626
2215 361
2216 2834
2216 815
2217 1139
2218 1524
2219 3866
2220 948
2220 3507
2221 2179
2222 3154
2223 2308
2223 2949
2223 4422
2223 725
2224 421
2225 821
2226 3534
2227 1902
2228 2770
2229 4422
2230 359
2231 3464
2232 3567
2233 223
2234 3631
2234 2473
2234 1457
2234 2069
2234 833
2234 760
2235 609
2235 3863
2236 3534
2237 4122
2238 1540
2239 3241
2240 1752
2240 2921
2240 2577
2240 1236
2240 4271
2241 350
2242 3546
2243 2407
2243 4072
2243 2136
2243 1285
2244 24
2245 4079
2246 3267
2247 4380
2247 3241
2247 3534
2247 1075
2247 4562
2247 4546
2247 2952
2247 3963
2247 2039
2248 2044
2249 1608
2250 1540
2251 304
2252 4001
2253 4744
2254 1780
2255 766
2256 1169
2257 2987
2258 3967
2259 4542
2260 535
2261 3241
2262 4422
2263 3972
2264 4000
2265 572
2266 3450
2267 3197
2268 493
2269 1540
2270 4738
2271 2464
2272 4562
2273 1990
2273 4020
2273 838
2274 1122
2275 1542
2275 1326
2275 123
2275 1865
2275 588
2275 1173
2275 279
2275 3385
2276 2730
2277 4519
2277 456
2277 4021
2278 3241
2279 4380
2279 3544
2280 653
2281 3921
2282 2007
2283 2956
2284 2577
2285 2251
2285 448
2286 4665
2287 1769
2288 898
2288 535
2289 4422
2290 1879
2290 3972
2291 1038
2292 4182
2293 1892
2293 2092
2293 4238
2293 2996
2293 4333
2293 4024
2293 700
2293 459
2293 2180
2294 1873
2295 3684
2295 1759
2295 4092
2295 2570
2295 1902
2296 4055
2297 2518
2298 1744
2299 2151
2299 4259
2299 2966
2300 1139
2300 893
2300 671
2301 137
2302 3300
2303 2875
2304 3713
2305 1879
2306 4523
2306 2952
2307 1865
2308 1750
2308 1790
2308 1754
2308 2148
2309 1169
2310 375
2311 1945
2312 1355
2313 1837
2314 2040
2314 1071
2315 3787
2316 1060
2316 3975
2317 893
2318 4122
2319 4504
2320 3866
2320 671
2321 4422
2322 765
2323 1914
2324 3864
2324 3154
2325 3742
2326 3197
2327 2577
2328 417
2329 3450
2330 2921
2331 126
2331 1309
2332 3967
2333 1644
2334 1540
2335 3426
2335 433
2335 633
2335 870
2335 2044
2335 3546
2335 1352
2336 1970
2337 2092
2338 3566
2339 2092
2340 3567
2340 4423
2340 2351
2341 3126
2342 2612
2343 1578
2344 4205
2345 3972
2346 2111
2347 1383
2347 931
2347 1555
2347 2484
2347 4756
2348 3791
2349 3534
2349 4467
2349 3837
2349 3999
2349 2484
2350 2748
2350 2163
2350 997
2350 4467
2351 3401
2351 2136
2352 1198
2352 456
2353 242
2354 3866
2355 3085
2356 3567
2357 3164
2357 3153
2357 775
2357 3628
2357 1902
2358 4064
2359 4467
2360 1071
2360 3011
2361 2577
2361 3795
2361 2850
2362 3614
2362 1734
2362 4081
2362 2854
2362 3534
2362 4511
2363 4548
2363 350
2363 2681
2363 1540
2364 1375
2365 1122
2365 4159
2365 4548
2366 2044
2366 4311
2367 2911
2368 1300
2368 3565
2369 2573
2370 2362
2371 3452
2372 1666
2372 4024
2373 2881
2374 3561
2375 4466
2376 3136
2377 2577
2378 3857
2379 2219
2379 3011
2380 67
2381 2275
2381 4114
2382 2039
2383 1668
2384 2862
2385 77
2386 3841
2387 137
2388 330
2389 375
2390 3859
2391 4029
2391 1540
2391 3514
2391 4032
2391 4364
2392 3282
2393 1540
2394 2358
2395 2305
2396 208
2396 1960
2396 1899
2397 4021
2398 3241
2399 214
2400 3837
2401 4054
2402 2893
2402 4467
2403 1502
2404 3532
2405 2131
2406 3391
2406 2496
2406 4345
2407 1139
2407 204
2408 3385
2409 8
2409 2748
2410 2920
2411 2382
2411 3154
2411 997
2411 378
2412 4266
2412 1455
2413 1790
2414 2577
2415 3241
2416 4702
2417 4273
2418 3866
2418 387
2419 2697
2420 2730
2421 2578
2422 1373
2422 3866
2422 2731
2423 4422
2424 2265
2425 1646
2426 757
2426 4467
2427 2987
2428 2777
2428 1958
2428 3866
2429 24
2430 1543
2430 3714
2431 2358
2431 1286
2431 596
2431 389
2431 4101
2431 4401
2431 3534
2431 1566
2431 2399
2431 117
2432 2748
2433 2565
2434 2577
2435 745
2436 1513
2437 4744
2438 4339
2439 3866
2440 4345
2441 208
2442 1763
2443 508
2444 4401
2445 2118
2446 1540
2446 3675
2447 208
2448 1236
2448 2440
2448 4021
2449 3401
2449 2349
2450 2293
2451 3714
2452 2041
2453 1835
2454 3850
2455 2577
2456 1476
2457 1902
2458 2956
2459 1646
2460 336
2461 4475
2462 2274
2463 2118
2464 1594
2465 1139
2466 4605
2467 147
2468 1122
2468 72
2469 31
2470 2598
2471 3291
2471 2089
2471 4306
2472 4122
2473 950
2474 2578
2475 4122
2476 4542
2477 898
2478 2730
2479 1309
2480 4345
2481 1849
2481 1110
2481 1236
2481 1393
2481 4751
2481 1610
2481 2637
2481 4191
2481 3238
2481 4122
2482 1544
2483 3871
2483 2474
2483 1566
2483 4216
2484 4467
2485 1687
2485 375
2485 4744
2485 1702
2485 2163
2485 1119
2485 3768
2486 1835
2487 1699
2488 378
2488 2269
2489 3267
2489 997
2490 3399
2491 2265
2492 3399
2493 562
2493 4382
2493 48
2493 3426
2494 2577
2495 3489
2496 2948
2496 2219
2496 350
2496 3513
2497 893
2498 8
2499 2921
2499 3870
2499 4697
2499 2411
2499 1130
2499 4607
2500 522
2501 109
2501 755
2501 1152
2501 1300
2502 1610
2503 456
2504 2785
2505 1085
2505 861
2505 223
2506 4548
2507 2484
2507 2598
2507 2223
2507 3329
2508 4072
2509 4744
2510 3522
2511 4401
2512 1122
2512 1763
2512 4072
2513 4112
2513 3866
2514 2944
2514 398
2514 4401
2515 2294
2516 3567
2517 2578
2518 97
2518 2153
2518 3562
2518 3745
2518 3593
2518 3618
2519 2543
2520 1246
2521 1519
2521 3300
2521 4080
2521 1540
2521 2358
2521 3613
2521 1637
2521 24
2521 4584
2521 3864
2522 2105
2523 2311
2524 4548
2525 2351
2526 3197
2527 2109
2527 1915
2527 1063
2527 1702
2528 875
2528 421
2528 4088
2528 282
2528 27
2528 834
2529 2748
2530 1499
2531 3546
2532 2362
2533 1891
2534 3673
2535 4122
2536 4060
2537 1610
2538 3160
2539 187
2540 4044
2541 1960
2542 3154
2543 1702
2544 1939
2545 4348
2545 1169
2545 4553
2545 3507
2545 4086
2545 4213
2546 893
2547 1699
2548 4422
2549 2153
2549 3237
2550 3450
2551 4498
2551 786
2551 2946
2551 1883
2552 1868
2553 2577
2554 3241
2555 765
2556 247
2557 2023
2558 2163
2559 4751
2560 2299
2561 4467
2561 2921
2562 2039
2563 3081
2564 1891
2564 4260
2565 3162
2566 2930
2567 1968
2567 1769
2568 1952
2568 474
2569 1236
2570 4333
2571 3534
2572 4411
2573 4422
2573 3291
2573 24
2573 1954
2573 3866
2573 3857
2574 3291
2574 1297
2574 4072
2575 1122
2576 2351
2577 2219
2578 3493
2579 2577
2580 893
2581 2234
2582 3546
2583 3049
2584 189
2585 247
2585 3145
2586 4420
2586 2639
2586 421
2586 295
2586 1196
2586 2382
2586 2105
2586 1326
2586 2834
2586 4122
2587 378
2588 3507
2589 1540
2589 1624
2590 4062
2591 421
2591 3534
2591 3638
2591 4423
2591 1540
2591 1964
2591 3241
2591 1236
2591 688
2592 4206
2592 3740
2592 2275
2592 1135
2592 4423
2592 2651
2593 2092
2594 1476
2594 732
2594 436
2594 3931
2594 4072
2594 4644
2594 3197
2594 3122
2594 4039
2595 3267
2596 2683
2597 3154
2598 1505
2599 2148
2599 1566
2599 1773
2600 3164
2601 3569
2601 544
2602 3534
2603 2577
2604 3698
2604 1902
2604 2223
2604 1476
2604 2983
2605 2279
2606 27
2607 1759
2608 2710
2608 1892
2608 330
2609 3468
2610 3156
2611 4422
2612 627
2612 3451
2612 1375
2613 290
2614 429
2615 375
2616 1183
2617 1375
2618 3567
2618 371
2619 3569
2619 1118
2619 4449
2619 3628
2619 1348
2619 2956
2619 3562
2619 4345
2619 4548
2619 3967
2620 3631
2620 948
2620 3433
2620 3921
2620 760
2620 1819
2621 350
2622 4660
2623 893
2624 4122
2625 1902
2626 3831
2627 3291
2628 208
2628 3569
2628 1979
2628 1902
2629 2142
2630 1540
2631 4444
2632 720
2632 608
2632 1236
2633 3871
2634 2251
2634 535
2634 3011
2635 2493
2635 56
2636 3241
2637 282
2638 3045
2639 4511
2639 2881
2640 1540
2641 4534
2642 414
2643 703
2644 4054
2645 2983
2646 997
2647 1902
2647 2963
2647 3831
2647 3507
2647 3170
2647 2656
2647 1186
2648 2990
2649 4212
2649 2251
2649 893
2649 2987
2649 3378
2649 3562
2649 930
2649 1236
2649 4562
2649 1891
2650 4401
2651 1902
2652 3281
2652 2436
2652 1354
2652 4744
2652 997
2652 3670
2653 2118
2654 4562
2654 2151
2654 3221
2654 3092
2654 4072
2654 3150
2654 3210
2654 1212
2654 40
2655 2002
2656 4067
2656 3241
2656 1157
2656 1455
2657 1285
2658 4220
2659 4159
2660 1790
2661 3489
2662 69
2663 4133
2663 997
2663 1968
2663 1610
2663 4422
2664 3197
2665 1624
2665 4519
2665 247
2665 1466
2665 3866
2665 4029
2665 2883
2665 628
2665 4401
2666 1179
2666 4429
2666 4083
2667 2788
2668 9
2669 3837
2669 1516
2670 2039
2671 4512
2672 4159
2673 2187
2673 2881
2673 1077
2673 2921
2673 3660
2674 1540
2675 3562
2676 2945
2676 906
2677 2517
2678 1879
2679 3562
2680 27
2681 1457
2682 2705
2683 192
2683 893
2683 2920
2683 3740
2683 3669
2683 1950
2683 1492
2683 4670
2684 906
2685 3866
2686 4021
2687 4040
2688 2239
2688 989
2688 1642
2688 1954
2688 522
2689 2496
2690 2393
2691 4021
2692 3197
2693 1759
2694 2740
2695 161
2696 4422
2697 3133
2697 2215
2697 3476
2697 4678
2697 821
2697 335
2697 3320
2697 535
2697 4512
2698 4659
2698 3787
2698 1251
2698 1179
2699 4422
2700 4376
2701 782
2702 4339
2703 3569
2704 1686
2705 2333
2705 1196
2706 3534
2707 1540
2708 3837
2709 775
2710 79
2711 3787
2712 375
2713 2148
2713 4632
2714 2956
2715 1902
2715 4401
2715 1285
2716 4081
2717 1066
2717 4345
2718 1566
2718 29
2719 3489
2719 330
2720 1041
2720 2411
2721 2777
2721 4440
2721 4545
2721 1958
2721 2132
2721 2311
2722 546
2723 3534
2724 4238
2725 1902
2725 1096
2726 4670
2727 3901
2728 4460
2728 3638
2728 2811
2728 3714
2728 2966
2728 4335
2728 1954
2728 417
2729 1181
2730 3859
2731 1881
2732 1769
2732 745
2732 3547
2733 2705
2734 997
2735 134
2736 535
2736 4029
2736 760
2736 2920
2736 4162
2736 1789
2737 2577
2738 1954
2739 3441
2740 1773
2741 1095
2741 1610
2741 67
2741 3952
2742 2987
2742 1476
2743 4188
2744 4380
2744 2618
2744 1594
2745 4491
2745 1999
2745 3824
2746 4694
2747 3327
2748 995
2749 4206
2750 4665
2750 370
2750 4452
2751 4122
2752 3274
2752 2952
2752 3967
2752 3378
2752 2300
2753 375
2754 3241
2755 1594
2756 4422
2757 4412
2758 3241
2759 1902
2760 1135
2761 1067
2761 3963
2761 362
2761 1891
2761 2131
2761 3534
2761 417
2761 1600
2762 626
2763 790
2764 768
2764 3452
2764 1511
2765 1653
2766 4548
2767 4418
2767 152
2768 2612
2769 2382
2770 3205
2770 4436
2770 24
2770 540
2770 3135
2770 1953
2770 1067
2770 3489
2771 2538
2772 3401
2772 3197
2773 4401
2774 3241
2775 314
2776 3126
2776 1476
2777 1477
2778 1373
2779 3664
2780 3196
2781 2577
2782 3385
2783 4122
2784 720
2784 2816
2785 1077
2786 3241
2787 2846
2787 1646
2788 451
2789 4548
2789 2083
2790 1763
2791 4286
2791 3188
2791 2185
2791 3660
2791 3628
2791 1507
2792 816
2793 4422
2794 4000
2795 838
2796 879
2797 3655
2797 2983
2797 2460
2797 919
2797 1851
2798 3824
2799 535
2800 1236
2801 670
2802 4072
2803 3140
2804 27
2804 2484
2804 2148
2804 3378
2805 802
2805 3866
2805 3569
2805 375
2805 3329
2805 1464
2806 62
2807 1436
2807 3866
2808 1574
2808 1912
2808 3377
2809 1540
2809 2240
2809 80
2809 3567
2809 3484
2809 2384
2810 2351
2811 1954
2812 4449
2813 375
2814 1380
2815 4159
2816 3866
2817 2270
2818 844
2819 4756
2820 1699
2821 3811
2821 3274
2822 1790
2823 3714
2824 2577
2825 3244
2826 523
2827 1594
2827 3452
2827 1825
2827 2921
2827 4548
2827 3972
2827 3963
2828 4222
2829 4367
2830 941
2831 4422
2832 2595
2833 3282
2834 3630
2834 1014
2835 2823
2836 421
2837 1540
2838 4422
2839 304
2839 3569
2839 1763
2839 592
2840 4122
2841 3450
2842 3197
2843 1005
2843 4542
2843 3192
2843 857
2843 100
2843 151
2843 4676
2844 3241
2845 997
2846 3666
2847 1835
2848 1507
2848 1077
2848 2211
2848 4467
2848 4690
2848 947
2849 989
2850 985
2851 3241
2852 1699
2853 790
2854 3175
2855 893
2856 375
2857 3197
2858 1505
2858 2092
2859 4690
2859 282
2860 985
2861 1072
2862 1076
2863 2577
2864 3399
2865 48
2866 4122
2867 1492
2868 3135
2869 1540
2870 1511
2871 3787
2872 1502
2872 3534
2872 540
2872 1071
2873 2173
2873 765
2874 1071
2875 838
2876 2573
2876 522
2877 3329
2877 1007
2878 2655
2879 3562
2879 3328
2879 3615
2879 2148
2879 2976
2880 4045
2880 282
2880 2928
2881 3241
2882 3154
2883 3154
2884 4548
2885 402
2885 1540
2885 24
2885 247
2885 765
2885 2092
2886 1827
2887 3241
2888 535
2889 4401
2890 3698
2891 3812
2892 3963
2892 2816
2892 2307
2892 97
2892 3648
2892 350
2892 36
2892 3241
2892 3817
2892 2487
2893 2080
2894 3736
2895 4422
2896 1116
2897 372
2897 2299
2897 2207
2898 2987
2899 1683
2900 1119
2901 4744
2901 2023
2901 4237
2901 1041
2901 637
2901 1139
2901 4427
2901 2822
2901 4475
2901 4022
2902 1491
2903 3197
2904 1957
2904 4674
2905 2740
2906 3378
2906 801
2906 3272
2907 4423
2908 1954
2908 4491
2908 2251
2908 2730
2908 3544
2908 868
2908 4339
2908 4467
2909 2993
2910 4401
2911 3955
2912 3241
2913 4321
2914 3507
2915 3378
2916 2393
2917 1619
2917 1095
2918 1917
2919 1505
2919 214
2919 1516
2920 4769
2920 3498
2920 4345
2920 3281
2920 2039
2920 3927
2921 1419
2921 1827
2921 1763
2921 3291
2922 2153
2923 1122
2924 4673
2925 4596
2926 997
2927 595
2928 631
2929 1976
2930 2493
2931 3353
2932 3562
2932 3378
2932 3534
2932 377
2932 3507
2932 816
2932 4122
2932 1324
2932 3967
2932 989
2933 1610
2933 2051
2933 3713
2934 1540
2935 1594
2935 997
2935 2484
2936 4548
2937 2386
2938 3411
2939 3740
2940 1072
2940 3103
2940 3385
2941 1113
2942 456
2942 223
2943 2577
2944 1506
2945 3135
2946 4423
2947 3698
2948 3693
2949 893
2950 2484
2951 522
2951 1958
2951 1578
2952 3540
2953 4701
2953 1857
2953 4434
2953 2219
2954 3795
2955 3810
2955 2321
2956 4583
2956 590
2957 3450
2957 2105
2957 3135
2957 532
2958 947
2958 187
2958 2059
2958 4401
